  0.0000    2    3.920   1.0000         CondB
  3.9200    0    0.560   1.0000          NULL 
  4.4800    1    3.920   1.0000         CondA
  8.4000    0    1.400   1.0000          NULL 
  9.8000    1    3.920   1.0000         CondA
 13.7200    0    1.120   1.0000          NULL 
 14.8400    1    3.920   1.0000         CondA
 18.7600    0    0.840   1.0000          NULL 
 19.6000    1    3.920   1.0000         CondA
 23.5200    0    0.840   1.0000          NULL 
 24.3600    2    3.920   1.0000         CondB
 28.2800    0    1.400   1.0000          NULL 
 29.6800    1    3.920   1.0000         CondA
 33.6000    0    1.680   1.0000          NULL 
 35.2800    1    3.920   1.0000         CondA
 39.2000    0    0.840   1.0000          NULL 
 40.0400    2    3.920   1.0000         CondB
 43.9600    0    0.560   1.0000          NULL 
 44.5200    2    3.920   1.0000         CondB
 48.4400    0    0.840   1.0000          NULL 
 49.2800    2    3.920   1.0000         CondB
 53.2000    0    1.400   1.0000          NULL 
 54.6000    2    3.920   1.0000         CondB
 58.5200    0    0.560   1.0000          NULL 
 59.0800    1    3.920   1.0000         CondA
 63.0000    0    1.120   1.0000          NULL 
 64.1200    1    3.920   1.0000         CondA
 68.0400    0    0.560   1.0000          NULL 
 68.6000    1    3.920   1.0000         CondA
 72.5200    0    1.680   1.0000          NULL 
 74.2000    1    3.920   1.0000         CondA
 78.1200    0    1.120   1.0000          NULL 
 79.2400    1    3.920   1.0000         CondA
 83.1600    0    2.240   1.0000          NULL 
 85.4000    2    3.920   1.0000         CondB
 89.3200    0    0.560   1.0000          NULL 
 89.8800    1    3.920   1.0000         CondA
 93.8000    0    1.680   1.0000          NULL 
 95.4800    2    3.920   1.0000         CondB
 99.4000    0    0.840   1.0000          NULL 
100.2400    2    3.920   1.0000         CondB
104.1600    0    1.120   1.0000          NULL 
105.2800    2    3.920   1.0000         CondB
109.2000    0    0.560   1.0000          NULL 
109.7599    1    3.920   1.0000         CondA
113.6799    0    1.680   1.0000          NULL 
115.3599    2    3.920   1.0000         CondB
119.2799    0    0.840   1.0000          NULL 
120.1199    2    3.920   1.0000         CondB
124.0399    0    0.840   1.0000          NULL 
124.8799    2    3.920   1.0000         CondB
128.7999    0    1.680   1.0000          NULL 
130.4799    2    3.920   1.0000         CondB
134.3999    0    3.080   1.0000          NULL 
137.4799    1    3.920   1.0000         CondA
141.3999    0    0.560   1.0000          NULL 
141.9599    2    3.920   1.0000         CondB
145.8799    0    0.840   1.0000          NULL 
146.7199    2    3.920   1.0000         CondB
150.6399    0    0.560   1.0000          NULL 
151.1999    1    3.920   1.0000         CondA
155.1199    0    1.120   1.0000          NULL 
156.2399    2    3.920   1.0000         CondB
160.1599    0    0.560   1.0000          NULL 
160.7199    1    3.920   1.0000         CondA
164.6399    0    0.560   1.0000          NULL 
165.1999    2    3.920   1.0000         CondB
169.1199    0    1.680   1.0000          NULL 
170.7999    1    3.920   1.0000         CondA
174.7199    0    0.840   1.0000          NULL 
175.5599    2    3.920   1.0000         CondB
179.4799    0    0.840   1.0000          NULL 
180.3199    2    3.920   1.0000         CondB
184.2399    0    0.560   1.0000          NULL 
184.7999    1    3.920   1.0000         CondA
188.7198    0    0.840   1.0000          NULL 
189.5598    2    3.920   1.0000         CondB
193.4798    0    1.400   1.0000          NULL 
194.8798    1    3.920   1.0000         CondA
198.7998    0    1.400   1.0000          NULL 
200.1998    2    3.920   1.0000         CondB
204.1198    0    0.840   1.0000          NULL 
204.9598    1    3.920   1.0000         CondA
208.8798    0    0.840   1.0000          NULL 
209.7198    1    3.920   1.0000         CondA
213.6398    0    0.560   1.0000          NULL 
214.1998    1    3.920   1.0000         CondA
218.1198    0    1.120   1.0000          NULL 
219.2398    1    3.920   1.0000         CondA
223.1598    0    0.560   1.0000          NULL 
223.7198    1    3.920   1.0000         CondA
227.6398    0    0.840   1.0000          NULL 
228.4798    2    3.920   1.0000         CondB
232.3998    0    0.840   1.0000          NULL 
233.2398    2    3.920   1.0000         CondB
237.1598    0    0.560   1.0000          NULL 
237.7198    1    3.920   1.0000         CondA
241.6398    0    0.560   1.0000          NULL 
242.1998    1    3.920   1.0000         CondA
246.1198    0    0.840   1.0000          NULL 
246.9598    2    3.920   1.0000         CondB
250.8798    0    0.840   1.0000          NULL 
251.7198    2    3.920   1.0000         CondB
255.6398    0    2.240   1.0000          NULL 
257.8798    2    3.920   1.0000         CondB
261.7998    0    0.840   1.0000          NULL 
262.6398    2    3.920   1.0000         CondB
266.5598    0    0.560   1.0000          NULL 
267.1198    1    3.920   1.0000         CondA
271.0398    0    0.840   1.0000          NULL 
271.8798    1    3.920   1.0000         CondA
275.7998    0    1.960   1.0000          NULL 
