  0.0000    2    3.920   1.0000         CondB
  3.9200    0    0.560   1.0000          NULL 
  4.4800    2    3.920   1.0000         CondB
  8.4000    0    0.840   1.0000          NULL 
  9.2400    1    3.920   1.0000         CondA
 13.1600    0    0.560   1.0000          NULL 
 13.7200    2    3.920   1.0000         CondB
 17.6400    0    0.560   1.0000          NULL 
 18.2000    1    3.920   1.0000         CondA
 22.1200    0    0.560   1.0000          NULL 
 22.6800    2    3.920   1.0000         CondB
 26.6000    0    1.400   1.0000          NULL 
 28.0000    2    3.920   1.0000         CondB
 31.9200    0    0.560   1.0000          NULL 
 32.4800    1    3.920   1.0000         CondA
 36.4000    0    0.560   1.0000          NULL 
 36.9600    2    3.920   1.0000         CondB
 40.8800    0    1.400   1.0000          NULL 
 42.2800    1    3.920   1.0000         CondA
 46.2000    0    0.840   1.0000          NULL 
 47.0400    1    3.920   1.0000         CondA
 50.9600    0    0.560   1.0000          NULL 
 51.5200    2    3.920   1.0000         CondB
 55.4400    0    0.840   1.0000          NULL 
 56.2800    1    3.920   1.0000         CondA
 60.2000    0    0.560   1.0000          NULL 
 60.7600    1    3.920   1.0000         CondA
 64.6800    0    0.840   1.0000          NULL 
 65.5200    2    3.920   1.0000         CondB
 69.4400    0    1.120   1.0000          NULL 
 70.5600    2    3.920   1.0000         CondB
 74.4800    0    0.840   1.0000          NULL 
 75.3200    2    3.920   1.0000         CondB
 79.2400    0    0.840   1.0000          NULL 
 80.0800    1    3.920   1.0000         CondA
 84.0000    0    0.840   1.0000          NULL 
 84.8400    1    3.920   1.0000         CondA
 88.7600    0    2.800   1.0000          NULL 
 91.5600    2    3.920   1.0000         CondB
 95.4800    0    1.680   1.0000          NULL 
 97.1600    2    3.920   1.0000         CondB
101.0800    0    0.560   1.0000          NULL 
101.6400    2    3.920   1.0000         CondB
105.5600    0    0.560   1.0000          NULL 
106.1200    2    3.920   1.0000         CondB
110.0400    0    1.120   1.0000          NULL 
111.1600    2    3.920   1.0000         CondB
115.0799    0    0.560   1.0000          NULL 
115.6399    1    3.920   1.0000         CondA
119.5599    0    0.840   1.0000          NULL 
120.3999    1    3.920   1.0000         CondA
124.3199    0    0.560   1.0000          NULL 
124.8799    1    3.920   1.0000         CondA
128.7999    0    0.560   1.0000          NULL 
129.3599    1    3.920   1.0000         CondA
133.2799    0    0.840   1.0000          NULL 
134.1199    2    3.920   1.0000         CondB
138.0399    0    0.560   1.0000          NULL 
138.5999    2    3.920   1.0000         CondB
142.5199    0    1.680   1.0000          NULL 
144.1999    1    3.920   1.0000         CondA
148.1199    0    1.400   1.0000          NULL 
149.5199    2    3.920   1.0000         CondB
153.4399    0    1.680   1.0000          NULL 
155.1199    1    3.920   1.0000         CondA
159.0399    0    0.560   1.0000          NULL 
159.5999    1    3.920   1.0000         CondA
163.5199    0    1.400   1.0000          NULL 
164.9199    2    3.920   1.0000         CondB
168.8399    0    0.560   1.0000          NULL 
169.3999    1    3.920   1.0000         CondA
173.3199    0    1.960   1.0000          NULL 
175.2799    2    3.920   1.0000         CondB
179.1999    0    0.840   1.0000          NULL 
180.0399    1    3.920   1.0000         CondA
183.9599    0    0.840   1.0000          NULL 
184.7999    1    3.920   1.0000         CondA
188.7199    0    0.560   1.0000          NULL 
189.2799    1    3.920   1.0000         CondA
193.1999    0    1.400   1.0000          NULL 
194.5999    1    3.920   1.0000         CondA
198.5199    0    0.840   1.0000          NULL 
199.3598    2    3.920   1.0000         CondB
203.2798    0    0.560   1.0000          NULL 
203.8398    1    3.920   1.0000         CondA
207.7598    0    1.120   1.0000          NULL 
208.8798    1    3.920   1.0000         CondA
212.7998    0    0.840   1.0000          NULL 
213.6398    2    3.920   1.0000         CondB
217.5598    0    2.520   1.0000          NULL 
220.0798    2    3.920   1.0000         CondB
223.9998    0    2.240   1.0000          NULL 
226.2398    1    3.920   1.0000         CondA
230.1598    0    0.560   1.0000          NULL 
230.7198    1    3.920   1.0000         CondA
234.6398    0    1.680   1.0000          NULL 
236.3198    1    3.920   1.0000         CondA
240.2398    0    3.080   1.0000          NULL 
243.3198    1    3.920   1.0000         CondA
247.2398    0    0.840   1.0000          NULL 
248.0798    2    3.920   1.0000         CondB
251.9998    0    0.560   1.0000          NULL 
252.5598    2    3.920   1.0000         CondB
256.4798    0    0.560   1.0000          NULL 
257.0398    2    3.920   1.0000         CondB
260.9598    0    0.560   1.0000          NULL 
261.5198    2    3.920   1.0000         CondB
265.4398    0    1.400   1.0000          NULL 
266.8398    2    3.920   1.0000         CondB
270.7598    0    1.120   1.0000          NULL 
271.8798    1    3.920   1.0000         CondA
275.7998    0    1.960   1.0000          NULL 
