  0.0000    2    3.920   1.0000         CondB
  3.9200    0    1.120   1.0000          NULL 
  5.0400    2    3.920   1.0000         CondB
  8.9600    0    0.560   1.0000          NULL 
  9.5200    2    3.920   1.0000         CondB
 13.4400    0    0.840   1.0000          NULL 
 14.2800    2    3.920   1.0000         CondB
 18.2000    0    0.560   1.0000          NULL 
 18.7600    2    3.920   1.0000         CondB
 22.6800    0    1.400   1.0000          NULL 
 24.0800    1    3.920   1.0000         CondA
 28.0000    0    1.120   1.0000          NULL 
 29.1200    1    3.920   1.0000         CondA
 33.0400    0    0.840   1.0000          NULL 
 33.8800    2    3.920   1.0000         CondB
 37.8000    0    0.840   1.0000          NULL 
 38.6400    1    3.920   1.0000         CondA
 42.5600    0    0.840   1.0000          NULL 
 43.4000    1    3.920   1.0000         CondA
 47.3200    0    1.400   1.0000          NULL 
 48.7200    1    3.920   1.0000         CondA
 52.6400    0    0.840   1.0000          NULL 
 53.4800    1    3.920   1.0000         CondA
 57.4000    0    1.120   1.0000          NULL 
 58.5200    1    3.920   1.0000         CondA
 62.4400    0    1.400   1.0000          NULL 
 63.8400    2    3.920   1.0000         CondB
 67.7600    0    0.840   1.0000          NULL 
 68.6000    1    3.920   1.0000         CondA
 72.5200    0    0.840   1.0000          NULL 
 73.3600    2    3.920   1.0000         CondB
 77.2800    0    2.520   1.0000          NULL 
 79.8000    2    3.920   1.0000         CondB
 83.7200    0    0.560   1.0000          NULL 
 84.2800    1    3.920   1.0000         CondA
 88.2000    0    0.560   1.0000          NULL 
 88.7600    1    3.920   1.0000         CondA
 92.6800    0    0.840   1.0000          NULL 
 93.5200    1    3.920   1.0000         CondA
 97.4400    0    0.840   1.0000          NULL 
 98.2800    2    3.920   1.0000         CondB
102.2000    0    0.840   1.0000          NULL 
103.0400    1    3.920   1.0000         CondA
106.9600    0    1.400   1.0000          NULL 
108.3600    2    3.920   1.0000         CondB
112.2800    0    1.120   1.0000          NULL 
113.3999    2    3.920   1.0000         CondB
117.3199    0    0.560   1.0000          NULL 
117.8799    2    3.920   1.0000         CondB
121.7999    0    1.680   1.0000          NULL 
123.4799    1    3.920   1.0000         CondA
127.3999    0    1.120   1.0000          NULL 
128.5199    1    3.920   1.0000         CondA
132.4399    0    0.840   1.0000          NULL 
133.2799    1    3.920   1.0000         CondA
137.1999    0    0.560   1.0000          NULL 
137.7599    2    3.920   1.0000         CondB
141.6799    0    0.560   1.0000          NULL 
142.2399    1    3.920   1.0000         CondA
146.1599    0    1.400   1.0000          NULL 
147.5599    1    3.920   1.0000         CondA
151.4799    0    2.240   1.0000          NULL 
153.7199    1    3.920   1.0000         CondA
157.6399    0    0.560   1.0000          NULL 
158.1999    1    3.920   1.0000         CondA
162.1199    0    1.680   1.0000          NULL 
163.7999    1    3.920   1.0000         CondA
167.7199    0    1.400   1.0000          NULL 
169.1199    2    3.920   1.0000         CondB
173.0399    0    0.560   1.0000          NULL 
173.5999    1    3.920   1.0000         CondA
177.5199    0    1.680   1.0000          NULL 
179.1999    2    3.920   1.0000         CondB
183.1199    0    0.840   1.0000          NULL 
183.9599    1    3.920   1.0000         CondA
187.8799    0    2.240   1.0000          NULL 
190.1198    2    3.920   1.0000         CondB
194.0398    0    1.400   1.0000          NULL 
195.4398    1    3.920   1.0000         CondA
199.3598    0    0.560   1.0000          NULL 
199.9198    2    3.920   1.0000         CondB
203.8398    0    0.560   1.0000          NULL 
204.3998    1    3.920   1.0000         CondA
208.3198    0    0.840   1.0000          NULL 
209.1598    1    3.920   1.0000         CondA
213.0798    0    0.560   1.0000          NULL 
213.6398    2    3.920   1.0000         CondB
217.5598    0    0.560   1.0000          NULL 
218.1198    2    3.920   1.0000         CondB
222.0398    0    0.560   1.0000          NULL 
222.5998    2    3.920   1.0000         CondB
226.5198    0    0.840   1.0000          NULL 
227.3598    1    3.920   1.0000         CondA
231.2798    0    0.560   1.0000          NULL 
231.8398    2    3.920   1.0000         CondB
235.7598    0    1.120   1.0000          NULL 
236.8798    2    3.920   1.0000         CondB
240.7998    0    0.560   1.0000          NULL 
241.3598    2    3.920   1.0000         CondB
245.2798    0    2.800   1.0000          NULL 
248.0798    2    3.920   1.0000         CondB
251.9998    0    0.560   1.0000          NULL 
252.5598    1    3.920   1.0000         CondA
256.4798    0    1.400   1.0000          NULL 
257.8798    2    3.920   1.0000         CondB
261.7998    0    0.560   1.0000          NULL 
262.3598    2    3.920   1.0000         CondB
266.2798    0    0.560   1.0000          NULL 
266.8398    2    3.920   1.0000         CondB
270.7598    0    1.120   1.0000          NULL 
271.8798    1    3.920   1.0000         CondA
275.7998    0    1.960   1.0000          NULL 
