  0.0000    1    3.920   1.0000         CondA
  3.9200    0    1.120   1.0000          NULL 
  5.0400    2    3.920   1.0000         CondB
  8.9600    0    0.560   1.0000          NULL 
  9.5200    2    3.920   1.0000         CondB
 13.4400    0    0.560   1.0000          NULL 
 14.0000    2    3.920   1.0000         CondB
 17.9200    0    0.840   1.0000          NULL 
 18.7600    2    3.920   1.0000         CondB
 22.6800    0    1.400   1.0000          NULL 
 24.0800    1    3.920   1.0000         CondA
 28.0000    0    0.560   1.0000          NULL 
 28.5600    2    3.920   1.0000         CondB
 32.4800    0    0.560   1.0000          NULL 
 33.0400    2    3.920   1.0000         CondB
 36.9600    0    0.560   1.0000          NULL 
 37.5200    1    3.920   1.0000         CondA
 41.4400    0    1.120   1.0000          NULL 
 42.5600    2    3.920   1.0000         CondB
 46.4800    0    1.120   1.0000          NULL 
 47.6000    1    3.920   1.0000         CondA
 51.5200    0    0.560   1.0000          NULL 
 52.0800    1    3.920   1.0000         CondA
 56.0000    0    2.800   1.0000          NULL 
 58.8000    2    3.920   1.0000         CondB
 62.7200    0    0.840   1.0000          NULL 
 63.5600    1    3.920   1.0000         CondA
 67.4800    0    1.400   1.0000          NULL 
 68.8800    1    3.920   1.0000         CondA
 72.8000    0    0.560   1.0000          NULL 
 73.3600    1    3.920   1.0000         CondA
 77.2800    0    0.840   1.0000          NULL 
 78.1200    2    3.920   1.0000         CondB
 82.0400    0    1.120   1.0000          NULL 
 83.1600    1    3.920   1.0000         CondA
 87.0800    0    0.840   1.0000          NULL 
 87.9200    2    3.920   1.0000         CondB
 91.8400    0    1.400   1.0000          NULL 
 93.2400    2    3.920   1.0000         CondB
 97.1600    0    0.560   1.0000          NULL 
 97.7200    1    3.920   1.0000         CondA
101.6400    0    1.120   1.0000          NULL 
102.7600    1    3.920   1.0000         CondA
106.6800    0    1.120   1.0000          NULL 
107.8000    1    3.920   1.0000         CondA
111.7200    0    0.560   1.0000          NULL 
112.2800    2    3.920   1.0000         CondB
116.2000    0    0.840   1.0000          NULL 
117.0399    1    3.920   1.0000         CondA
120.9599    0    1.120   1.0000          NULL 
122.0799    2    3.920   1.0000         CondB
125.9999    0    0.560   1.0000          NULL 
126.5599    2    3.920   1.0000         CondB
130.4799    0    0.560   1.0000          NULL 
131.0399    1    3.920   1.0000         CondA
134.9599    0    0.560   1.0000          NULL 
135.5199    1    3.920   1.0000         CondA
139.4399    0    0.840   1.0000          NULL 
140.2799    1    3.920   1.0000         CondA
144.1999    0    2.520   1.0000          NULL 
146.7199    1    3.920   1.0000         CondA
150.6399    0    0.560   1.0000          NULL 
151.1999    1    3.920   1.0000         CondA
155.1199    0    1.400   1.0000          NULL 
156.5199    2    3.920   1.0000         CondB
160.4399    0    0.560   1.0000          NULL 
160.9999    1    3.920   1.0000         CondA
164.9199    0    1.120   1.0000          NULL 
166.0399    2    3.920   1.0000         CondB
169.9599    0    0.560   1.0000          NULL 
170.5199    1    3.920   1.0000         CondA
174.4399    0    1.400   1.0000          NULL 
175.8399    2    3.920   1.0000         CondB
179.7599    0    1.120   1.0000          NULL 
180.8799    1    3.920   1.0000         CondA
184.7999    0    1.960   1.0000          NULL 
186.7599    1    3.920   1.0000         CondA
190.6799    0    1.120   1.0000          NULL 
191.7999    2    3.920   1.0000         CondB
195.7198    0    0.560   1.0000          NULL 
196.2798    2    3.920   1.0000         CondB
200.1998    0    0.560   1.0000          NULL 
200.7598    2    3.920   1.0000         CondB
204.6798    0    0.840   1.0000          NULL 
205.5198    2    3.920   1.0000         CondB
209.4398    0    1.120   1.0000          NULL 
210.5598    2    3.920   1.0000         CondB
214.4798    0    0.840   1.0000          NULL 
215.3198    2    3.920   1.0000         CondB
219.2398    0    1.120   1.0000          NULL 
220.3598    1    3.920   1.0000         CondA
224.2798    0    0.560   1.0000          NULL 
224.8398    1    3.920   1.0000         CondA
228.7598    0    1.120   1.0000          NULL 
229.8798    1    3.920   1.0000         CondA
233.7998    0    0.840   1.0000          NULL 
234.6398    2    3.920   1.0000         CondB
238.5598    0    1.120   1.0000          NULL 
239.6798    2    3.920   1.0000         CondB
243.5998    0    1.400   1.0000          NULL 
244.9998    2    3.920   1.0000         CondB
248.9198    0    0.560   1.0000          NULL 
249.4798    2    3.920   1.0000         CondB
253.3998    0    1.960   1.0000          NULL 
255.3598    1    3.920   1.0000         CondA
259.2798    0    1.960   1.0000          NULL 
261.2398    1    3.920   1.0000         CondA
265.1598    0    1.120   1.0000          NULL 
266.2798    2    3.920   1.0000         CondB
270.1998    0    1.680   1.0000          NULL 
271.8798    1    3.920   1.0000         CondA
275.7998    0    1.960   1.0000          NULL 
