  0.0000    1    3.920   1.0000         CondA
  3.9200    0    1.400   1.0000          NULL 
  5.3200    1    3.920   1.0000         CondA
  9.2400    0    0.840   1.0000          NULL 
 10.0800    1    3.920   1.0000         CondA
 14.0000    0    1.400   1.0000          NULL 
 15.4000    1    3.920   1.0000         CondA
 19.3200    0    0.840   1.0000          NULL 
 20.1600    1    3.920   1.0000         CondA
 24.0800    0    1.120   1.0000          NULL 
 25.2000    1    3.920   1.0000         CondA
 29.1200    0    0.840   1.0000          NULL 
 29.9600    2    3.920   1.0000         CondB
 33.8800    0    0.560   1.0000          NULL 
 34.4400    2    3.920   1.0000         CondB
 38.3600    0    0.560   1.0000          NULL 
 38.9200    2    3.920   1.0000         CondB
 42.8400    0    1.960   1.0000          NULL 
 44.8000    1    3.920   1.0000         CondA
 48.7200    0    1.400   1.0000          NULL 
 50.1200    1    3.920   1.0000         CondA
 54.0400    0    0.560   1.0000          NULL 
 54.6000    2    3.920   1.0000         CondB
 58.5200    0    0.560   1.0000          NULL 
 59.0800    2    3.920   1.0000         CondB
 63.0000    0    0.840   1.0000          NULL 
 63.8400    1    3.920   1.0000         CondA
 67.7600    0    0.560   1.0000          NULL 
 68.3200    1    3.920   1.0000         CondA
 72.2400    0    0.560   1.0000          NULL 
 72.8000    1    3.920   1.0000         CondA
 76.7200    0    1.960   1.0000          NULL 
 78.6800    2    3.920   1.0000         CondB
 82.6000    0    0.840   1.0000          NULL 
 83.4400    2    3.920   1.0000         CondB
 87.3600    0    0.840   1.0000          NULL 
 88.2000    1    3.920   1.0000         CondA
 92.1200    0    1.400   1.0000          NULL 
 93.5200    2    3.920   1.0000         CondB
 97.4400    0    0.560   1.0000          NULL 
 98.0000    2    3.920   1.0000         CondB
101.9200    0    0.840   1.0000          NULL 
102.7600    1    3.920   1.0000         CondA
106.6800    0    0.840   1.0000          NULL 
107.5200    2    3.920   1.0000         CondB
111.4400    0    1.120   1.0000          NULL 
112.5600    1    3.920   1.0000         CondA
116.4799    0    1.120   1.0000          NULL 
117.5999    2    3.920   1.0000         CondB
121.5199    0    1.400   1.0000          NULL 
122.9199    2    3.920   1.0000         CondB
126.8399    0    1.400   1.0000          NULL 
128.2399    1    3.920   1.0000         CondA
132.1599    0    1.120   1.0000          NULL 
133.2799    2    3.920   1.0000         CondB
137.1999    0    0.560   1.0000          NULL 
137.7599    2    3.920   1.0000         CondB
141.6799    0    1.400   1.0000          NULL 
143.0799    1    3.920   1.0000         CondA
146.9999    0    1.400   1.0000          NULL 
148.3999    2    3.920   1.0000         CondB
152.3199    0    1.680   1.0000          NULL 
153.9999    1    3.920   1.0000         CondA
157.9199    0    1.400   1.0000          NULL 
159.3199    2    3.920   1.0000         CondB
163.2399    0    1.680   1.0000          NULL 
164.9199    2    3.920   1.0000         CondB
168.8399    0    0.840   1.0000          NULL 
169.6799    1    3.920   1.0000         CondA
173.5999    0    1.120   1.0000          NULL 
174.7199    2    3.920   1.0000         CondB
178.6399    0    1.960   1.0000          NULL 
180.5999    1    3.920   1.0000         CondA
184.5199    0    0.560   1.0000          NULL 
185.0798    1    3.920   1.0000         CondA
188.9998    0    0.840   1.0000          NULL 
189.8398    1    3.920   1.0000         CondA
193.7598    0    1.960   1.0000          NULL 
195.7198    1    3.920   1.0000         CondA
199.6398    0    1.120   1.0000          NULL 
200.7598    2    3.920   1.0000         CondB
204.6798    0    0.560   1.0000          NULL 
205.2398    2    3.920   1.0000         CondB
209.1598    0    0.560   1.0000          NULL 
209.7198    1    3.920   1.0000         CondA
213.6398    0    1.120   1.0000          NULL 
214.7598    1    3.920   1.0000         CondA
218.6798    0    1.400   1.0000          NULL 
220.0798    1    3.920   1.0000         CondA
223.9998    0    0.560   1.0000          NULL 
224.5598    2    3.920   1.0000         CondB
228.4798    0    1.680   1.0000          NULL 
230.1598    2    3.920   1.0000         CondB
234.0798    0    0.560   1.0000          NULL 
234.6398    2    3.920   1.0000         CondB
238.5598    0    0.840   1.0000          NULL 
239.3998    2    3.920   1.0000         CondB
243.3198    0    0.840   1.0000          NULL 
244.1598    2    3.920   1.0000         CondB
248.0798    0    0.840   1.0000          NULL 
248.9198    1    3.920   1.0000         CondA
252.8398    0    0.560   1.0000          NULL 
253.3998    1    3.920   1.0000         CondA
257.3198    0    0.560   1.0000          NULL 
257.8798    2    3.920   1.0000         CondB
261.7998    0    0.560   1.0000          NULL 
262.3598    1    3.920   1.0000         CondA
266.2798    0    0.840   1.0000          NULL 
267.1198    2    3.920   1.0000         CondB
271.0398    0    1.120   1.0000          NULL 
272.1598    2    3.920   1.0000         CondB
276.0798    0    1.680   1.0000          NULL 
